
((digest . "437c3ad45bddf4660137c6b70a5dc12c") (undo-list (1 . 28029) ("0.000000 0.200000 0.000000
0.010000 0.200000 -0.000010
0.020000 0.200000 -0.000020
0.030000 0.200000 -0.000030
0.040000 0.199999 -0.000040
0.050000 0.199999 -0.000050
0.060000 0.199999 -0.000060
0.070000 0.199998 -0.000070
0.080000 0.199997 -0.000080
0.090000 0.199996 -0.000090
0.100000 0.199996 -0.000100
0.110000 0.199995 -0.000110
0.120000 0.199993 -0.000120
0.130000 0.199992 -0.000130
0.140000 0.199991 -0.000140
0.150000 0.199990 -0.000150
0.160000 0.199988 -0.000160
0.170000 0.199986 -0.000170
0.180000 0.199985 -0.000180
0.190000 0.199983 -0.000190
0.200000 0.199981 -0.000200
0.210000 0.199979 -0.000210
0.220000 0.199977 -0.000220
0.230000 0.199975 -0.000230
0.240000 0.199972 -0.000240
0.250000 0.199970 -0.000250
0.260000 0.199968 -0.000260
0.270000 0.199965 -0.000270
0.280000 0.199962 -0.000280
0.290000 0.199959 -0.000290
0.300000 0.199957 -0.000300
0.310000 0.199954 -0.000310
0.320000 0.199950 -0.000320
0.330000 0.199947 -0.000330
0.340000 0.199944 -0.000340
0.350000 0.199941 -0.000350
0.360000 0.199937 -0.000360
0.370000 0.199933 -0.000370
0.380000 0.199930 -0.000380
0.390000 0.199926 -0.000390
0.400000 0.199922 -0.000400
0.410000 0.199918 -0.000410
0.420000 0.199914 -0.000420
0.430000 0.199910 -0.000430
0.440000 0.199905 -0.000440
0.450000 0.199901 -0.000450
0.460000 0.199897 -0.000460
0.470000 0.199892 -0.000470
0.480000 0.199887 -0.000480
0.490000 0.199882 -0.000490
0.500000 0.199878 -0.000500
0.510000 0.199873 -0.000510
0.520000 0.199867 -0.000520
0.530000 0.199862 -0.000530
0.540000 0.199857 -0.000540
0.550000 0.199852 -0.000550
0.560000 0.199846 -0.000560
0.570000 0.199840 -0.000570
0.580000 0.199835 -0.000580
0.590000 0.199829 -0.000590
0.600000 0.199823 -0.000600
0.610000 0.199817 -0.000610
0.620000 0.199811 -0.000620
0.630000 0.199805 -0.000630
0.640000 0.199798 -0.000640
0.650000 0.199792 -0.000650
0.660000 0.199786 -0.000660
0.670000 0.199779 -0.000670
0.680000 0.199772 -0.000680
0.690000 0.199765 -0.000690
0.700000 0.199759 -0.000700
0.710000 0.199752 -0.000710
0.720000 0.199744 -0.000720
0.730000 0.199737 -0.000730
0.740000 0.199730 -0.000740
0.750000 0.199723 -0.000750
0.760000 0.199715 -0.000760
0.770000 0.199707 -0.000770
0.780000 0.199700 -0.000780
0.790000 0.199692 -0.000790
0.800000 0.199684 -0.000800
0.810000 0.199676 -0.000810
0.820000 0.199668 -0.000820
0.830000 0.199660 -0.000830
0.840000 0.199651 -0.000840
0.850000 0.199643 -0.000850
0.860000 0.199635 -0.000859
0.870000 0.199626 -0.000869
0.880000 0.199617 -0.000879
0.890000 0.199609 -0.000889
0.900000 0.199600 -0.000899
0.910000 0.199591 -0.000909
0.920000 0.199582 -0.000919
0.930000 0.199572 -0.000929
0.940000 0.199563 -0.000939
0.950000 0.199554 -0.000949
0.960000 0.199544 -0.000959
0.970000 0.199535 -0.000969
0.980000 0.199525 -0.000979
0.990000 0.199515 -0.000989
1.000000 0.199505 -0.000999
1.010000 0.199495 -0.001009
1.020000 0.199485 -0.001019
1.030000 0.199475 -0.001029
1.040000 0.199465 -0.001039
1.050000 0.199454 -0.001049
1.060000 0.199444 -0.001059
1.070000 0.199433 -0.001069
1.080000 0.199422 -0.001079
1.090000 0.199412 -0.001089
1.100000 0.199401 -0.001099
1.110000 0.199390 -0.001109
1.120000 0.199379 -0.001119
1.130000 0.199368 -0.001129
1.140000 0.199356 -0.001139
1.150000 0.199345 -0.001149
1.160000 0.199333 -0.001159
1.170000 0.199322 -0.001169
1.180000 0.199310 -0.001179
1.190000 0.199298 -0.001189
1.200000 0.199286 -0.001199
1.210000 0.199274 -0.001209
1.220000 0.199262 -0.001219
1.230000 0.199250 -0.001228
1.240000 0.199238 -0.001238
1.250000 0.199225 -0.001248
1.260000 0.199213 -0.001258
1.270000 0.199200 -0.001268
1.280000 0.199188 -0.001278
1.290000 0.199175 -0.001288
1.300000 0.199162 -0.001298
1.310000 0.199149 -0.001308
1.320000 0.199136 -0.001318
1.330000 0.199123 -0.001328
1.340000 0.199110 -0.001338
1.350000 0.199096 -0.001348
1.360000 0.199083 -0.001358
1.370000 0.199069 -0.001368
1.380000 0.199055 -0.001378
1.390000 0.199042 -0.001388
1.400000 0.199028 -0.001398
1.410000 0.199014 -0.001408
1.420000 0.199000 -0.001418
1.430000 0.198986 -0.001428
1.440000 0.198971 -0.001438
1.450000 0.198957 -0.001448
1.460000 0.198942 -0.001457
1.470000 0.198928 -0.001467
1.480000 0.198913 -0.001477
1.490000 0.198898 -0.001487
1.500000 0.198884 -0.001497
1.510000 0.198869 -0.001507
1.520000 0.198853 -0.001517
1.530000 0.198838 -0.001527
1.540000 0.198823 -0.001537
1.550000 0.198808 -0.001547
1.560000 0.198792 -0.001557
1.570000 0.198777 -0.001567
1.580000 0.198761 -0.001577
1.590000 0.198745 -0.001587
1.600000 0.198729 -0.001597
1.610000 0.198713 -0.001607
1.620000 0.198697 -0.001617
1.630000 0.198681 -0.001626
1.640000 0.198665 -0.001636
1.650000 0.198648 -0.001646
1.660000 0.198632 -0.001656
1.670000 0.198615 -0.001666
1.680000 0.198599 -0.001676
1.690000 0.198582 -0.001686
1.700000 0.198565 -0.001696
1.710000 0.198548 -0.001706
1.720000 0.198531 -0.001716
1.730000 0.198514 -0.001726
1.740000 0.198497 -0.001736
1.750000 0.198479 -0.001746
1.760000 0.198462 -0.001756
1.770000 0.198444 -0.001765
1.780000 0.198427 -0.001775
1.790000 0.198409 -0.001785
1.800000 0.198391 -0.001795
1.810000 0.198373 -0.001805
1.820000 0.198355 -0.001815
1.830000 0.198337 -0.001825
1.840000 0.198319 -0.001835
1.850000 0.198300 -0.001845
1.860000 0.198282 -0.001855
1.870000 0.198263 -0.001865
1.880000 0.198245 -0.001875
1.890000 0.198226 -0.001884
1.900000 0.198207 -0.001894
1.910000 0.198188 -0.001904
1.920000 0.198169 -0.001914
1.930000 0.198150 -0.001924
1.940000 0.198131 -0.001934
1.950000 0.198111 -0.001944
1.960000 0.198092 -0.001954
1.970000 0.198072 -0.001964
1.980000 0.198053 -0.001974
1.990000 0.198033 -0.001984
2.000000 0.198013 -0.001993
2.010000 0.197993 -0.002003
2.020000 0.197973 -0.002013
2.030000 0.197953 -0.002023
2.040000 0.197933 -0.002033
2.050000 0.197913 -0.002043
2.060000 0.197892 -0.002053
2.070000 0.197872 -0.002063
2.080000 0.197851 -0.002073
2.090000 0.197830 -0.002083
2.100000 0.197809 -0.002092
2.110000 0.197789 -0.002102
2.120000 0.197767 -0.002112
2.130000 0.197746 -0.002122
2.140000 0.197725 -0.002132
2.150000 0.197704 -0.002142
2.160000 0.197682 -0.002152
2.170000 0.197661 -0.002162
2.180000 0.197639 -0.002171
2.190000 0.197618 -0.002181
2.200000 0.197596 -0.002191
2.210000 0.197574 -0.002201
2.220000 0.197552 -0.002211
2.230000 0.197530 -0.002221
2.240000 0.197508 -0.002231
2.250000 0.197485 -0.002241
2.260000 0.197463 -0.002251
2.270000 0.197440 -0.002260
2.280000 0.197418 -0.002270
2.290000 0.197395 -0.002280
2.300000 0.197372 -0.002290
2.310000 0.197349 -0.002300
2.320000 0.197326 -0.002310
2.330000 0.197303 -0.002320
2.340000 0.197280 -0.002329
2.350000 0.197257 -0.002339
2.360000 0.197233 -0.002349
2.370000 0.197210 -0.002359
2.380000 0.197186 -0.002369
2.390000 0.197163 -0.002379
2.400000 0.197139 -0.002389
2.410000 0.197115 -0.002398
2.420000 0.197091 -0.002408
2.430000 0.197067 -0.002418
2.440000 0.197043 -0.002428
2.450000 0.197018 -0.002438
2.460000 0.196994 -0.002448
2.470000 0.196969 -0.002458
2.480000 0.196945 -0.002467
2.490000 0.196920 -0.002477
2.500000 0.196895 -0.002487
2.510000 0.196871 -0.002497
2.520000 0.196846 -0.002507
2.530000 0.196821 -0.002517
2.540000 0.196795 -0.002527
2.550000 0.196770 -0.002536
2.560000 0.196745 -0.002546
2.570000 0.196719 -0.002556
2.580000 0.196694 -0.002566
2.590000 0.196668 -0.002576
2.600000 0.196642 -0.002586
2.610000 0.196616 -0.002595
2.620000 0.196590 -0.002605
2.630000 0.196564 -0.002615
2.640000 0.196538 -0.002625
2.650000 0.196512 -0.002635
2.660000 0.196486 -0.002645
2.670000 0.196459 -0.002654
2.680000 0.196433 -0.002664
2.690000 0.196406 -0.002674
2.700000 0.196379 -0.002684
2.710000 0.196352 -0.002694
2.720000 0.196326 -0.002703
2.730000 0.196299 -0.002713
2.740000 0.196271 -0.002723
2.750000 0.196244 -0.002733
2.760000 0.196217 -0.002743
2.770000 0.196189 -0.002753
2.780000 0.196162 -0.002762
2.790000 0.196134 -0.002772
2.800000 0.196107 -0.002782
2.810000 0.196079 -0.002792
2.820000 0.196051 -0.002802
2.830000 0.196023 -0.002811
2.840000 0.195995 -0.002821
2.850000 0.195966 -0.002831
2.860000 0.195938 -0.002841
2.870000 0.195910 -0.002851
2.880000 0.195881 -0.002860
2.890000 0.195853 -0.002870
2.900000 0.195824 -0.002880
2.910000 0.195795 -0.002890
2.920000 0.195766 -0.002900
2.930000 0.195737 -0.002909
2.940000 0.195708 -0.002919
2.950000 0.195679 -0.002929
2.960000 0.195650 -0.002939
2.970000 0.195620 -0.002948
2.980000 0.195591 -0.002958
2.990000 0.195561 -0.002968
3.000000 0.195532 -0.002978
3.010000 0.195502 -0.002988
3.020000 0.195472 -0.002997
3.030000 0.195442 -0.003007
3.040000 0.195412 -0.003017
3.050000 0.195382 -0.003027
3.060000 0.195351 -0.003036
3.070000 0.195321 -0.003046
3.080000 0.195291 -0.003056
3.090000 0.195260 -0.003066
3.100000 0.195229 -0.003075
3.110000 0.195199 -0.003085
3.120000 0.195168 -0.003095
3.130000 0.195137 -0.003105
3.140000 0.195106 -0.003115
3.150000 0.195075 -0.003124
3.160000 0.195043 -0.003134
3.170000 0.195012 -0.003144
3.180000 0.194981 -0.003154
3.190000 0.194949 -0.003163
3.200000 0.194917 -0.003173
3.210000 0.194886 -0.003183
3.220000 0.194854 -0.003193
3.230000 0.194822 -0.003202
3.240000 0.194790 -0.003212
3.250000 0.194758 -0.003222
3.260000 0.194726 -0.003231
3.270000 0.194693 -0.003241
3.280000 0.194661 -0.003251
3.290000 0.194628 -0.003261
3.300000 0.194596 -0.003270
3.310000 0.194563 -0.003280
3.320000 0.194530 -0.003290
3.330000 0.194497 -0.003300
3.340000 0.194464 -0.003309
3.350000 0.194431 -0.003319
3.360000 0.194398 -0.003329
3.370000 0.194365 -0.003338
3.380000 0.194331 -0.003348
3.390000 0.194298 -0.003358
3.400000 0.194264 -0.003368
3.410000 0.194231 -0.003377
3.420000 0.194197 -0.003387
3.430000 0.194163 -0.003397
3.440000 0.194129 -0.003406
3.450000 0.194095 -0.003416
3.460000 0.194061 -0.003426
3.470000 0.194027 -0.003436
3.480000 0.193992 -0.003445
3.490000 0.193958 -0.003455
3.500000 0.193923 -0.003465
3.510000 0.193889 -0.003474
3.520000 0.193854 -0.003484
3.530000 0.193819 -0.003494
3.540000 0.193784 -0.003503
3.550000 0.193749 -0.003513
3.560000 0.193714 -0.003523
3.570000 0.193679 -0.003533
3.580000 0.193643 -0.003542
3.590000 0.193608 -0.003552
3.600000 0.193572 -0.003562
3.610000 0.193537 -0.003571
3.620000 0.193501 -0.003581
3.630000 0.193465 -0.003591
3.640000 0.193429 -0.003600
3.650000 0.193393 -0.003610
3.660000 0.193357 -0.003620
3.670000 0.193321 -0.003629
3.680000 0.193285 -0.003639
3.690000 0.193248 -0.003649
3.700000 0.193212 -0.003658
3.710000 0.193175 -0.003668
3.720000 0.193139 -0.003678
3.730000 0.193102 -0.003687
3.740000 0.193065 -0.003697
3.750000 0.193028 -0.003707
3.760000 0.192991 -0.003716
3.770000 0.192954 -0.003726
3.780000 0.192916 -0.003736
3.790000 0.192879 -0.003745
3.800000 0.192842 -0.003755
3.810000 0.192804 -0.003764
3.820000 0.192766 -0.003774
3.830000 0.192729 -0.003784
3.840000 0.192691 -0.003793
3.850000 0.192653 -0.003803
3.860000 0.192615 -0.003813
3.870000 0.192577 -0.003822
3.880000 0.192539 -0.003832
3.890000 0.192500 -0.003842
3.900000 0.192462 -0.003851
3.910000 0.192423 -0.003861
3.920000 0.192385 -0.003870
3.930000 0.192346 -0.003880
3.940000 0.192307 -0.003890
3.950000 0.192268 -0.003899
3.960000 0.192229 -0.003909
3.970000 0.192190 -0.003918
3.980000 0.192151 -0.003928
3.990000 0.192112 -0.003938
4.000000 0.192072 -0.003947
4.010000 0.192033 -0.003957
4.020000 0.191993 -0.003966
4.030000 0.191954 -0.003976
4.040000 0.191914 -0.003986
4.050000 0.191874 -0.003995
4.060000 0.191834 -0.004005
4.070000 0.191794 -0.004014
4.080000 0.191754 -0.004024
4.090000 0.191714 -0.004034
4.100000 0.191673 -0.004043
4.110000 0.191633 -0.004053
4.120000 0.191592 -0.004062
4.130000 0.191552 -0.004072
4.140000 0.191511 -0.004082
4.150000 0.191470 -0.004091
4.160000 0.191429 -0.004101
4.170000 0.191388 -0.004110
4.180000 0.191347 -0.004120
4.190000 0.191306 -0.004129
4.200000 0.191265 -0.004139
4.210000 0.191223 -0.004149
4.220000 0.191182 -0.004158
4.230000 0.191140 -0.004168
4.240000 0.191099 -0.004177
4.250000 0.191057 -0.004187
4.260000 0.191015 -0.004196
4.270000 0.190973 -0.004206
4.280000 0.190931 -0.004215
4.290000 0.190889 -0.004225
4.300000 0.190847 -0.004235
4.310000 0.190804 -0.004244
4.320000 0.190762 -0.004254
4.330000 0.190719 -0.004263
4.340000 0.190677 -0.004273
4.350000 0.190634 -0.004282
4.360000 0.190591 -0.004292
4.370000 0.190548 -0.004301
4.380000 0.190505 -0.004311
4.390000 0.190462 -0.004320
4.400000 0.190419 -0.004330
4.410000 0.190375 -0.004339
4.420000 0.190332 -0.004349
4.430000 0.190289 -0.004358
4.440000 0.190245 -0.004368
4.450000 0.190201 -0.004377
4.460000 0.190158 -0.004387
4.470000 0.190114 -0.004396
4.480000 0.190070 -0.004406
4.490000 0.190026 -0.004415
4.500000 0.189982 -0.004425
4.510000 0.189937 -0.004434
4.520000 0.189893 -0.004444
4.530000 0.189848 -0.004453
4.540000 0.189804 -0.004463
4.550000 0.189759 -0.004472
4.560000 0.189715 -0.004482
4.570000 0.189670 -0.004491
4.580000 0.189625 -0.004501
4.590000 0.189580 -0.004510
4.600000 0.189535 -0.004520
4.610000 0.189490 -0.004529
4.620000 0.189444 -0.004539
4.630000 0.189399 -0.004548
4.640000 0.189353 -0.004558
4.650000 0.189308 -0.004567
4.660000 0.189262 -0.004577
4.670000 0.189216 -0.004586
4.680000 0.189171 -0.004596
4.690000 0.189125 -0.004605
4.700000 0.189079 -0.004614
4.710000 0.189032 -0.004624
4.720000 0.188986 -0.004633
4.730000 0.188940 -0.004643
4.740000 0.188893 -0.004652
4.750000 0.188847 -0.004662
4.760000 0.188800 -0.004671
4.770000 0.188754 -0.004681
4.780000 0.188707 -0.004690
4.790000 0.188660 -0.004700
4.800000 0.188613 -0.004709
4.810000 0.188566 -0.004718
4.820000 0.188519 -0.004728
4.830000 0.188471 -0.004737
4.840000 0.188424 -0.004747
4.850000 0.188376 -0.004756
4.860000 0.188329 -0.004765
4.870000 0.188281 -0.004775
4.880000 0.188233 -0.004784
4.890000 0.188186 -0.004794
4.900000 0.188138 -0.004803
4.910000 0.188090 -0.004813
4.920000 0.188042 -0.004822
4.930000 0.187993 -0.004831
4.940000 0.187945 -0.004841
4.950000 0.187897 -0.004850
4.960000 0.187848 -0.004860
4.970000 0.187799 -0.004869
4.980000 0.187751 -0.004878
4.990000 0.187702 -0.004888
5.000000 0.187653 -0.004897
5.010000 0.187604 -0.004906
5.020000 0.187555 -0.004916
5.030000 0.187506 -0.004925
5.040000 0.187457 -0.004935
5.050000 0.187407 -0.004944
5.060000 0.187358 -0.004953
5.070000 0.187308 -0.004963
5.080000 0.187259 -0.004972
5.090000 0.187209 -0.004981
5.100000 0.187159 -0.004991
5.110000 0.187109 -0.005000
5.120000 0.187059 -0.005010
5.130000 0.187009 -0.005019
5.140000 0.186959 -0.005028
5.150000 0.186909 -0.005038
5.160000 0.186858 -0.005047
5.170000 0.186808 -0.005056
5.180000 0.186757 -0.005066
5.190000 0.186707 -0.005075
5.200000 0.186656 -0.005084
5.210000 0.186605 -0.005094
5.220000 0.186554 -0.005103
5.230000 0.186503 -0.005112
5.240000 0.186452 -0.005122
5.250000 0.186401 -0.005131
5.260000 0.186349 -0.005140
5.270000 0.186298 -0.005150
5.280000 0.186247 -0.005159
5.290000 0.186195 -0.005168
5.300000 0.186143 -0.005177
5.310000 0.186092 -0.005187
5.320000 0.186040 -0.005196
5.330000 0.185988 -0.005205
5.340000 0.185936 -0.005215
5.350000 0.185883 -0.005224
5.360000 0.185831 -0.005233
5.370000 0.185779 -0.005243
5.380000 0.185726 -0.005252
5.390000 0.185674 -0.005261
5.400000 0.185621 -0.005270
5.410000 0.185569 -0.005280
5.420000 0.185516 -0.005289
5.430000 0.185463 -0.005298
5.440000 0.185410 -0.005308
5.450000 0.185357 -0.005317
5.460000 0.185304 -0.005326
5.470000 0.185250 -0.005335
5.480000 0.185197 -0.005345
5.490000 0.185144 -0.005354
5.500000 0.185090 -0.005363
5.510000 0.185037 -0.005372
5.520000 0.184983 -0.005382
5.530000 0.184929 -0.005391
5.540000 0.184875 -0.005400
5.550000 0.184821 -0.005409
5.560000 0.184767 -0.005419
5.570000 0.184713 -0.005428
5.580000 0.184658 -0.005437
5.590000 0.184604 -0.005446
5.600000 0.184550 -0.005456
5.610000 0.184495 -0.005465
5.620000 0.184440 -0.005474
5.630000 0.184386 -0.005483
5.640000 0.184331 -0.005492
5.650000 0.184276 -0.005502
5.660000 0.184221 -0.005511
5.670000 0.184166 -0.005520
5.680000 0.184111 -0.005529
5.690000 0.184055 -0.005539
5.700000 0.184000 -0.005548
5.710000 0.183944 -0.005557
5.720000 0.183889 -0.005566
5.730000 0.183833 -0.005575
5.740000 0.183777 -0.005584
5.750000 0.183722 -0.005594
5.760000 0.183666 -0.005603
5.770000 0.183610 -0.005612
5.780000 0.183554 -0.005621
5.790000 0.183497 -0.005630
5.800000 0.183441 -0.005640
5.810000 0.183385 -0.005649
5.820000 0.183328 -0.005658
5.830000 0.183272 -0.005667
5.840000 0.183215 -0.005676
5.850000 0.183158 -0.005685
5.860000 0.183101 -0.005695
5.870000 0.183044 -0.005704
5.880000 0.182987 -0.005713
5.890000 0.182930 -0.005722
5.900000 0.182873 -0.005731
5.910000 0.182816 -0.005740
5.920000 0.182758 -0.005749
5.930000 0.182701 -0.005759
5.940000 0.182643 -0.005768
5.950000 0.182585 -0.005777
5.960000 0.182528 -0.005786
5.970000 0.182470 -0.005795
5.980000 0.182412 -0.005804
5.990000 0.182354 -0.005813
6.000000 0.182296 -0.005822
6.010000 0.182238 -0.005832
6.020000 0.182179 -0.005841
6.030000 0.182121 -0.005850
6.040000 0.182062 -0.005859
6.050000 0.182004 -0.005868
6.060000 0.181945 -0.005877
6.070000 0.181886 -0.005886
6.080000 0.181827 -0.005895
6.090000 0.181768 -0.005904
6.100000 0.181709 -0.005914
6.110000 0.181650 -0.005923
6.120000 0.181591 -0.005932
6.130000 0.181532 -0.005941
6.140000 0.181472 -0.005950
6.150000 0.181413 -0.005959
6.160000 0.181353 -0.005968
6.170000 0.181294 -0.005977
6.180000 0.181234 -0.005986
6.190000 0.181174 -0.005995
6.200000 0.181114 -0.006004
6.210000 0.181054 -0.006013
6.220000 0.180994 -0.006022
6.230000 0.180934 -0.006031
6.240000 0.180873 -0.006040
6.250000 0.180813 -0.006049
6.260000 0.180752 -0.006059
6.270000 0.180692 -0.006068
6.280000 0.180631 -0.006077
6.290000 0.180570 -0.006086
6.300000 0.180509 -0.006095
6.310000 0.180449 -0.006104
6.320000 0.180387 -0.006113
6.330000 0.180326 -0.006122
6.340000 0.180265 -0.006131
6.350000 0.180204 -0.006140
6.360000 0.180142 -0.006149
6.370000 0.180081 -0.006158
6.380000 0.180019 -0.006167
6.390000 0.179958 -0.006176
6.400000 0.179896 -0.006185
6.410000 0.179834 -0.006194
6.420000 0.179772 -0.006203
6.430000 0.179710 -0.006212
6.440000 0.179648 -0.006221
6.450000 0.179586 -0.006230
6.460000 0.179524 -0.006239
6.470000 0.179461 -0.006248
6.480000 0.179399 -0.006257
6.490000 0.179336 -0.006266
6.500000 0.179273 -0.006275
6.510000 0.179211 -0.006284
6.520000 0.179148 -0.006292
6.530000 0.179085 -0.006301
6.540000 0.179022 -0.006310
6.550000 0.178959 -0.006319
6.560000 0.178896 -0.006328
6.570000 0.178832 -0.006337
6.580000 0.178769 -0.006346
6.590000 0.178705 -0.006355
6.600000 0.178642 -0.006364
6.610000 0.178578 -0.006373
6.620000 0.178515 -0.006382
6.630000 0.178451 -0.006391
6.640000 0.178387 -0.006400
6.650000 0.178323 -0.006409
6.660000 0.178259 -0.006418
6.670000 0.178195 -0.006427
6.680000 0.178130 -0.006435
6.690000 0.178066 -0.006444
6.700000 0.178002 -0.006453
6.710000 0.177937 -0.006462
6.720000 0.177872 -0.006471
6.730000 0.177808 -0.006480
6.740000 0.177743 -0.006489
6.750000 0.177678 -0.006498
6.760000 0.177613 -0.006507
6.770000 0.177548 -0.006515
6.780000 0.177483 -0.006524
6.790000 0.177418 -0.006533
6.800000 0.177352 -0.006542
6.810000 0.177287 -0.006551
6.820000 0.177221 -0.006560
6.830000 0.177156 -0.006569
6.840000 0.177090 -0.006578
6.850000 0.177024 -0.006586
6.860000 0.176958 -0.006595
6.870000 0.176892 -0.006604
6.880000 0.176826 -0.006613
6.890000 0.176760 -0.006622
6.900000 0.176694 -0.006631
6.910000 0.176628 -0.006639
6.920000 0.176561 -0.006648
6.930000 0.176495 -0.006657
6.940000 0.176428 -0.006666
6.950000 0.176362 -0.006675
6.960000 0.176295 -0.006684
6.970000 0.176228 -0.006692
6.980000 0.176161 -0.006701
6.990000 0.176094 -0.006710
7.000000 0.176027 -0.006719
7.010000 0.175960 -0.006728
7.020000 0.175892 -0.006736
7.030000 0.175825 -0.006745
7.040000 0.175758 -0.006754
7.050000 0.175690 -0.006763
7.060000 0.175623 -0.006772
7.070000 0.175555 -0.006780
7.080000 0.175487 -0.006789
7.090000 0.175419 -0.006798
7.100000 0.175351 -0.006807
7.110000 0.175283 -0.006815
7.120000 0.175215 -0.006824
7.130000 0.175147 -0.006833
7.140000 0.175078 -0.006842
7.150000 0.175010 -0.006850
7.160000 0.174941 -0.006859
7.170000 0.174873 -0.006868
7.180000 0.174804 -0.006877
7.190000 0.174735 -0.006885
7.200000 0.174667 -0.006894
7.210000 0.174598 -0.006903
7.220000 0.174529 -0.006912
7.230000 0.174459 -0.006920
7.240000 0.174390 -0.006929
7.250000 0.174321 -0.006938
7.260000 0.174252 -0.006947
7.270000 0.174182 -0.006955
7.280000 0.174113 -0.006964
7.290000 0.174043 -0.006973
7.300000 0.173973 -0.006981
7.310000 0.173903 -0.006990
7.320000 0.173833 -0.006999
7.330000 0.173763 -0.007007
7.340000 0.173693 -0.007016
7.350000 0.173623 -0.007025
7.360000 0.173553 -0.007034
7.370000 0.173483 -0.007042
7.380000 0.173412 -0.007051
7.390000 0.173342 -0.007060
7.400000 0.173271 -0.007068
7.410000 0.173200 -0.007077
7.420000 0.173130 -0.007086
7.430000 0.173059 -0.007094
7.440000 0.172988 -0.007103
7.450000 0.172917 -0.007111
7.460000 0.172846 -0.007120
7.470000 0.172775 -0.007129
7.480000 0.172703 -0.007137
7.490000 0.172632 -0.007146
7.500000 0.172560 -0.007155
7.510000 0.172489 -0.007163
7.520000 0.172417 -0.007172
7.530000 0.172345 -0.007181
7.540000 0.172274 -0.007189
7.550000 0.172202 -0.007198
7.560000 0.172130 -0.007206
7.570000 0.172058 -0.007215
7.580000 0.171986 -0.007224
7.590000 0.171913 -0.007232
7.600000 0.171841 -0.007241
7.610000 0.171769 -0.007249
7.620000 0.171696 -0.007258
7.630000 0.171624 -0.007267
7.640000 0.171551 -0.007275
7.650000 0.171478 -0.007284
7.660000 0.171405 -0.007292
7.670000 0.171332 -0.007301
7.680000 0.171259 -0.007309
7.690000 0.171186 -0.007318
7.700000 0.171113 -0.007327
7.710000 0.171040 -0.007335
7.720000 0.170966 -0.007344
7.730000 0.170893 -0.007352
7.740000 0.170820 -0.007361
7.750000 0.170746 -0.007369
7.760000 0.170672 -0.007378
7.770000 0.170598 -0.007386
7.780000 0.170525 -0.007395
7.790000 0.170451 -0.007403
7.800000 0.170377 -0.007412
7.810000 0.170302 -0.007420
7.820000 0.170228 -0.007429
7.830000 0.170154 -0.007438
7.840000 0.170080 -0.007446
7.850000 0.170005 -0.007455
7.860000 0.169931 -0.007463
7.870000 0.169856 -0.007472
7.880000 0.169781 -0.007480
7.890000 0.169706 -0.007488
7.900000 0.169632 -0.007497
7.910000 0.169557 -0.007505
7.920000 0.169482 -0.007514
7.930000 0.169406 -0.007522
7.940000 0.169331 -0.007531
7.950000 0.169256 -0.007539
7.960000 0.169180 -0.007548
7.970000 0.169105 -0.007556
7.980000 0.169029 -0.007565
7.990000 0.168954 -0.007573
8.000000 0.168878 -0.007582
8.010000 0.168802 -0.007590
8.020000 0.168726 -0.007599
8.030000 0.168650 -0.007607
8.040000 0.168574 -0.007615
8.050000 0.168498 -0.007624
8.060000 0.168422 -0.007632
8.070000 0.168346 -0.007641
8.080000 0.168269 -0.007649
8.090000 0.168193 -0.007657
8.100000 0.168116 -0.007666
8.110000 0.168039 -0.007674
8.120000 0.167963 -0.007683
8.130000 0.167886 -0.007691
8.140000 0.167809 -0.007699
8.150000 0.167732 -0.007708
8.160000 0.167655 -0.007716
8.170000 0.167578 -0.007725
8.180000 0.167500 -0.007733
8.190000 0.167423 -0.007741
8.200000 0.167346 -0.007750
8.210000 0.167268 -0.007758
8.220000 0.167191 -0.007767
8.230000 0.167113 -0.007775
8.240000 0.167035 -0.007783
8.250000 0.166957 -0.007792
8.260000 0.166879 -0.007800
8.270000 0.166802 -0.007808
8.280000 0.166723 -0.007817
8.290000 0.166645 -0.007825
8.300000 0.166567 -0.007833
8.310000 0.166489 -0.007842
8.320000 0.166410 -0.007850
8.330000 0.166332 -0.007858
8.340000 0.166253 -0.007867
8.350000 0.166175 -0.007875
8.360000 0.166096 -0.007883
8.370000 0.166017 -0.007891
8.380000 0.165938 -0.007900
8.390000 0.165859 -0.007908
8.400000 0.165780 -0.007916
8.410000 0.165701 -0.007925
8.420000 0.165622 -0.007933
8.430000 0.165542 -0.007941
8.440000 0.165463 -0.007950
8.450000 0.165383 -0.007958
8.460000 0.165304 -0.007966
8.470000 0.165224 -0.007974
8.480000 0.165144 -0.007983
8.490000 0.165064 -0.007991
8.500000 0.164985 -0.007999
8.510000 0.164905 -0.008007
8.520000 0.164825 -0.008016
8.530000 0.164744 -0.008024
8.540000 0.164664 -0.008032
8.550000 0.164584 -0.008040
8.560000 0.164503 -0.008049
8.570000 0.164423 -0.008057
8.580000 0.164342 -0.008065
8.590000 0.164262 -0.008073
8.600000 0.164181 -0.008081
8.610000 0.164100 -0.008090
8.620000 0.164019 -0.008098
8.630000 0.163938 -0.008106
8.640000 0.163857 -0.008114
8.650000 0.163776 -0.008122
8.660000 0.163695 -0.008131
8.670000 0.163614 -0.008139
8.680000 0.163532 -0.008147
8.690000 0.163451 -0.008155
8.700000 0.163369 -0.008163
8.710000 0.163287 -0.008171
8.720000 0.163206 -0.008180
8.730000 0.163124 -0.008188
8.740000 0.163042 -0.008196
8.750000 0.162960 -0.008204
8.760000 0.162878 -0.008212
8.770000 0.162796 -0.008220
8.780000 0.162714 -0.008229
8.790000 0.162631 -0.008237
8.800000 0.162549 -0.008245
8.810000 0.162467 -0.008253
8.820000 0.162384 -0.008261
8.830000 0.162302 -0.008269
8.840000 0.162219 -0.008277
8.850000 0.162136 -0.008285
8.860000 0.162053 -0.008294
8.870000 0.161970 -0.008302
8.880000 0.161887 -0.008310
8.890000 0.161804 -0.008318
8.900000 0.161721 -0.008326
8.910000 0.161638 -0.008334
8.920000 0.161554 -0.008342
8.930000 0.161471 -0.008350
8.940000 0.161387 -0.008358
8.950000 0.161304 -0.008366
8.960000 0.161220 -0.008374
8.970000 0.161136 -0.008382
8.980000 0.161053 -0.008390
8.990000 0.160969 -0.008399
9.000000 0.160885 -0.008407
9.010000 0.160801 -0.008415
9.020000 0.160717 -0.008423
9.030000 0.160632 -0.008431
9.040000 0.160548 -0.008439
9.050000 0.160464 -0.008447
9.060000 0.160379 -0.008455
9.070000 0.160295 -0.008463
9.080000 0.160210 -0.008471
9.090000 0.160125 -0.008479
9.100000 0.160040 -0.008487
9.110000 0.159956 -0.008495
9.120000 0.159871 -0.008503
9.130000 0.159786 -0.008511
9.140000 0.159701 -0.008519
9.150000 0.159615 -0.008527
9.160000 0.159530 -0.008535
9.170000 0.159445 -0.008543
9.180000 0.159359 -0.008551
9.190000 0.159274 -0.008559
9.200000 0.159188 -0.008567
9.210000 0.159103 -0.008575
9.220000 0.159017 -0.008583
9.230000 0.158931 -0.008591
9.240000 0.158845 -0.008598
9.250000 0.158759 -0.008606
9.260000 0.158673 -0.008614
9.270000 0.158587 -0.008622
9.280000 0.158501 -0.008630
9.290000 0.158414 -0.008638
9.300000 0.158328 -0.008646
9.310000 0.158242 -0.008654
9.320000 0.158155 -0.008662
9.330000 0.158068 -0.008670
9.340000 0.157982 -0.008678
9.350000 0.157895 -0.008686
9.360000 0.157808 -0.008693
9.370000 0.157721 -0.008701
9.380000 0.157634 -0.008709
9.390000 0.157547 -0.008717
9.400000 0.157460 -0.008725
9.410000 0.157373 -0.008733
9.420000 0.157285 -0.008741
9.430000 0.157198 -0.008749
9.440000 0.157110 -0.008756
9.450000 0.157023 -0.008764
9.460000 0.156935 -0.008772
9.470000 0.156847 -0.008780
9.480000 0.156760 -0.008788
9.490000 0.156672 -0.008796
9.500000 0.156584 -0.008804
9.510000 0.156496 -0.008811
9.520000 0.156408 -0.008819
9.530000 0.156319 -0.008827
9.540000 0.156231 -0.008835
9.550000 0.156143 -0.008843
9.560000 0.156054 -0.008850
9.570000 0.155966 -0.008858
9.580000 0.155877 -0.008866
9.590000 0.155789 -0.008874
9.600000 0.155700 -0.008882
9.610000 0.155611 -0.008889
9.620000 0.155522 -0.008897
9.630000 0.155433 -0.008905
9.640000 0.155344 -0.008913
9.650000 0.155255 -0.008921
9.660000 0.155166 -0.008928
9.670000 0.155077 -0.008936
9.680000 0.154987 -0.008944
9.690000 0.154898 -0.008952
9.700000 0.154808 -0.008959
9.710000 0.154719 -0.008967
9.720000 0.154629 -0.008975
9.730000 0.154539 -0.008983
9.740000 0.154449 -0.008990
9.750000 0.154359 -0.008998
9.760000 0.154270 -0.009006
9.770000 0.154179 -0.009013
9.780000 0.154089 -0.009021
9.790000 0.153999 -0.009029
9.800000 0.153909 -0.009037
9.810000 0.153818 -0.009044
9.820000 0.153728 -0.009052
9.830000 0.153637 -0.009060
9.840000 0.153547 -0.009067
9.850000 0.153456 -0.009075
9.860000 0.153365 -0.009083
9.870000 0.153275 -0.009090
9.880000 0.153184 -0.009098
9.890000 0.153093 -0.009106
9.900000 0.153002 -0.009113
9.910000 0.152911 -0.009121
9.920000 0.152819 -0.009129
9.930000 0.152728 -0.009136
9.940000 0.152637 -0.009144
9.950000 0.152545 -0.009151
9.960000 0.152454 -0.009159
9.970000 0.152362 -0.009167
9.980000 0.152271 -0.009174
9.990000 0.152179 -0.009182
10.000000 0.152087 -0.009190
" . 1) 8848 ((marker . 1) . -9043) ((marker . 1) . -9043) ((marker . 1) . -9071) ((marker . 1) . -9071) ((marker . 1) . -9099) ((marker . 1) . -9099) ((marker . 1) . -9463) ((marker . 1) . -9463) ((marker . 1) . -9155) ((marker . 1) . -9155) ((marker . 1) . -9015) ((marker . 1) . -9015) ((marker . 1) . -8987) ((marker . 1) . -8987) ((marker . 1) . -8959) ((marker . 1) . -8959) ((marker . 1) . -8931) ((marker . 1) . -8931) ((marker . 1) . -8903) ((marker . 1) . -8903) ((marker . 1) . -8875) ((marker . 1) . -8875) ((marker . 1) . -8847) ((marker . 1) . -8847) ((marker . 1) . -9127) ((marker . 1) . -9127) ((marker . 1) . -8791) ((marker . 1) . -8791) ((marker . 1) . -9435) ((marker . 1) . -9435) ((marker . 1) . -9407) ((marker . 1) . -9407) ((marker . 1) . -9379) ((marker . 1) . -9379) ((marker . 1) . -9351) ((marker . 1) . -9351) ((marker . 1) . -9323) ((marker . 1) . -9323) ((marker . 1) . -9295) ((marker . 1) . -9295) ((marker . 1) . -9267) ((marker . 1) . -9267) ((marker . 1) . -9239) ((marker . 1) . -9239) ((marker . 1) . -9211) ((marker . 1) . -9211) ((marker . 1) . -9183) ((marker . 1) . -9183) ((marker . 1) . -8819) ((marker . 1) . -8819) ((marker . 1) . -8791) ((marker . 1) . -8847) nil ("n" . -9240) nil (9240 . 9241) (t 21405 . 37738) nil (1 . 28029) ("0.000000 1.000000 0.000000
0.010000 1.000000 -0.010000
0.020000 0.999900 -0.020000
0.030000 0.999700 -0.029999
0.040000 0.999400 -0.039996
0.050000 0.999000 -0.049990
0.060000 0.998500 -0.059980
0.070000 0.997900 -0.069965
0.080000 0.997201 -0.079944
0.090000 0.996401 -0.089916
0.100000 0.995502 -0.099880
0.110000 0.994503 -0.109835
0.120000 0.993405 -0.119780
0.130000 0.992207 -0.129714
0.140000 0.990910 -0.139636
0.150000 0.989514 -0.149545
0.160000 0.988018 -0.159440
0.170000 0.986424 -0.169321
0.180000 0.984731 -0.179185
0.190000 0.982939 -0.189032
0.200000 0.981048 -0.198862
0.210000 0.979060 -0.208672
0.220000 0.976973 -0.218463
0.230000 0.974788 -0.228232
0.240000 0.972506 -0.237980
0.250000 0.970126 -0.247705
0.260000 0.967649 -0.257407
0.270000 0.965075 -0.267083
0.280000 0.962404 -0.276734
0.290000 0.959637 -0.286358
0.300000 0.956773 -0.295954
0.310000 0.953814 -0.305522
0.320000 0.950759 -0.315060
0.330000 0.947608 -0.324568
0.340000 0.944362 -0.334044
0.350000 0.941022 -0.343487
0.360000 0.937587 -0.352898
0.370000 0.934058 -0.362273
0.380000 0.930435 -0.371614
0.390000 0.926719 -0.380918
0.400000 0.922910 -0.390186
0.410000 0.919008 -0.399415
0.420000 0.915014 -0.408605
0.430000 0.910928 -0.417755
0.440000 0.906750 -0.426864
0.450000 0.902482 -0.435932
0.460000 0.898123 -0.444957
0.470000 0.893673 -0.453938
0.480000 0.889134 -0.462874
0.490000 0.884505 -0.471766
0.500000 0.879787 -0.480611
0.510000 0.874981 -0.489409
0.520000 0.870087 -0.498159
0.530000 0.865105 -0.506859
0.540000 0.860037 -0.515510
0.550000 0.854882 -0.524111
0.560000 0.849641 -0.532660
0.570000 0.844314 -0.541156
0.580000 0.838902 -0.549599
0.590000 0.833406 -0.557988
0.600000 0.827827 -0.566322
0.610000 0.822163 -0.574601
0.620000 0.816417 -0.582822
0.630000 0.810589 -0.590986
0.640000 0.804679 -0.599092
0.650000 0.798688 -0.607139
0.660000 0.792617 -0.615126
0.670000 0.786466 -0.623052
0.680000 0.780235 -0.630917
0.690000 0.773926 -0.638719
0.700000 0.767539 -0.646458
0.710000 0.761074 -0.654134
0.720000 0.754533 -0.661745
0.730000 0.747915 -0.669290
0.740000 0.741223 -0.676769
0.750000 0.734455 -0.684181
0.760000 0.727613 -0.691526
0.770000 0.720698 -0.698802
0.780000 0.713710 -0.706009
0.790000 0.706650 -0.713146
0.800000 0.699518 -0.720212
0.810000 0.692316 -0.727208
0.820000 0.685044 -0.734131
0.830000 0.677703 -0.740981
0.840000 0.670293 -0.747758
0.850000 0.662815 -0.754461
0.860000 0.655271 -0.761089
0.870000 0.647660 -0.767642
0.880000 0.639983 -0.774119
0.890000 0.632242 -0.780518
0.900000 0.624437 -0.786841
0.910000 0.616569 -0.793085
0.920000 0.608638 -0.799251
0.930000 0.600645 -0.805337
0.940000 0.592592 -0.811344
0.950000 0.584478 -0.817270
0.960000 0.576306 -0.823115
0.970000 0.568075 -0.828878
0.980000 0.559786 -0.834558
0.990000 0.551440 -0.840156
1.000000 0.543039 -0.845671
1.010000 0.534582 -0.851101
1.020000 0.526071 -0.856447
1.030000 0.517506 -0.861707
1.040000 0.508889 -0.866883
1.050000 0.500221 -0.871971
1.060000 0.491501 -0.876974
1.070000 0.482731 -0.881889
1.080000 0.473912 -0.886716
1.090000 0.465045 -0.891455
1.100000 0.456131 -0.896106
1.110000 0.447169 -0.900667
1.120000 0.438163 -0.905139
1.130000 0.429111 -0.909520
1.140000 0.420016 -0.913811
1.150000 0.410878 -0.918011
1.160000 0.401698 -0.922120
1.170000 0.392477 -0.926137
1.180000 0.383215 -0.930062
1.190000 0.373915 -0.933894
1.200000 0.364576 -0.937633
1.210000 0.355199 -0.941279
1.220000 0.345787 -0.944831
1.230000 0.336338 -0.948289
1.240000 0.326856 -0.951652
1.250000 0.317339 -0.954921
1.260000 0.307790 -0.958094
1.270000 0.298209 -0.961172
1.280000 0.288597 -0.964154
1.290000 0.278956 -0.967040
1.300000 0.269285 -0.969830
1.310000 0.259587 -0.972523
1.320000 0.249862 -0.975118
1.330000 0.240110 -0.977617
1.340000 0.230334 -0.980018
1.350000 0.220534 -0.982322
1.360000 0.210711 -0.984527
1.370000 0.200866 -0.986634
1.380000 0.190999 -0.988643
1.390000 0.181113 -0.990553
1.400000 0.171207 -0.992364
1.410000 0.161284 -0.994076
1.420000 0.151343 -0.995689
1.430000 0.141386 -0.997202
1.440000 0.131414 -0.998616
1.450000 0.121428 -0.999930
1.460000 0.111429 -1.001144
1.470000 0.101417 -1.002259
1.480000 0.091395 -1.003273
1.490000 0.081362 -1.004187
1.500000 0.071320 -1.005000
1.510000 0.061270 -1.005714
1.520000 0.051213 -1.006326
1.530000 0.041150 -1.006838
1.540000 0.031081 -1.007250
1.550000 0.021009 -1.007561
1.560000 0.010933 -1.007771
1.570000 0.000855 -1.007880
1.580000 -0.009223 -1.007889
1.590000 -0.019302 -1.007796
1.600000 -0.029380 -1.007603
1.610000 -0.039456 -1.007310
1.620000 -0.049529 -1.006915
1.630000 -0.059599 -1.006420
1.640000 -0.069663 -1.005824
1.650000 -0.079721 -1.005127
1.660000 -0.089772 -1.004330
1.670000 -0.099816 -1.003432
1.680000 -0.109850 -1.002434
1.690000 -0.119874 -1.001336
1.700000 -0.129888 -1.000137
1.710000 -0.139889 -0.998838
1.720000 -0.149877 -0.997439
1.730000 -0.159852 -0.995940
1.740000 -0.169811 -0.994342
1.750000 -0.179755 -0.992644
1.760000 -0.189681 -0.990846
1.770000 -0.199589 -0.988949
1.780000 -0.209479 -0.986953
1.790000 -0.219348 -0.984859
1.800000 -0.229197 -0.982665
1.810000 -0.239024 -0.980373
1.820000 -0.248827 -0.977983
1.830000 -0.258607 -0.975495
1.840000 -0.268362 -0.972909
1.850000 -0.278091 -0.970225
1.860000 -0.287794 -0.967444
1.870000 -0.297468 -0.964566
1.880000 -0.307114 -0.961591
1.890000 -0.316730 -0.958520
1.900000 -0.326315 -0.955353
1.910000 -0.335868 -0.952090
1.920000 -0.345389 -0.948731
1.930000 -0.354877 -0.945277
1.940000 -0.364329 -0.941729
1.950000 -0.373747 -0.938085
1.960000 -0.383127 -0.934348
1.970000 -0.392471 -0.930516
1.980000 -0.401776 -0.926592
1.990000 -0.411042 -0.922574
2.000000 -0.420268 -0.918464
2.010000 -0.429452 -0.914261
2.020000 -0.438595 -0.909966
2.030000 -0.447695 -0.905580
2.040000 -0.456750 -0.901103
2.050000 -0.465761 -0.896536
2.060000 -0.474727 -0.891878
2.070000 -0.483646 -0.887131
2.080000 -0.492517 -0.882295
2.090000 -0.501340 -0.877369
2.100000 -0.510114 -0.872356
2.110000 -0.518837 -0.867255
2.120000 -0.527510 -0.862067
2.130000 -0.536130 -0.856791
2.140000 -0.544698 -0.851430
2.150000 -0.553213 -0.845983
2.160000 -0.561672 -0.840451
2.170000 -0.570077 -0.834834
2.180000 -0.578425 -0.829134
2.190000 -0.586717 -0.823349
2.200000 -0.594950 -0.817482
2.210000 -0.603125 -0.811533
2.220000 -0.611240 -0.805501
2.230000 -0.619295 -0.799389
2.240000 -0.627289 -0.793196
2.250000 -0.635221 -0.786923
2.260000 -0.643090 -0.780571
2.270000 -0.650896 -0.774140
2.280000 -0.658637 -0.767631
2.290000 -0.666314 -0.761045
2.300000 -0.673924 -0.754382
2.310000 -0.681468 -0.747642
2.320000 -0.688944 -0.740828
2.330000 -0.696353 -0.733938
2.340000 -0.703692 -0.726975
2.350000 -0.710962 -0.719938
2.360000 -0.718161 -0.712828
2.370000 -0.725290 -0.705647
2.380000 -0.732346 -0.698394
2.390000 -0.739330 -0.691070
2.400000 -0.746241 -0.683677
2.410000 -0.753077 -0.676214
2.420000 -0.759840 -0.668684
2.430000 -0.766526 -0.661085
2.440000 -0.773137 -0.653420
2.450000 -0.779671 -0.645689
2.460000 -0.786128 -0.637892
2.470000 -0.792507 -0.630031
2.480000 -0.798808 -0.622106
2.490000 -0.805029 -0.614117
2.500000 -0.811170 -0.606067
2.510000 -0.817230 -0.597956
2.520000 -0.823210 -0.589783
2.530000 -0.829108 -0.581551
2.540000 -0.834923 -0.573260
2.550000 -0.840656 -0.564911
2.560000 -0.846305 -0.556504
2.570000 -0.851870 -0.548041
2.580000 -0.857350 -0.539522
2.590000 -0.862746 -0.530949
2.600000 -0.868055 -0.522322
2.610000 -0.873278 -0.513641
2.620000 -0.878415 -0.504908
2.630000 -0.883464 -0.496124
2.640000 -0.888425 -0.487289
2.650000 -0.893298 -0.478405
2.660000 -0.898082 -0.469472
2.670000 -0.902777 -0.460491
2.680000 -0.907382 -0.451464
2.690000 -0.911896 -0.442390
2.700000 -0.916320 -0.433271
2.710000 -0.920653 -0.424108
2.720000 -0.924894 -0.414901
2.730000 -0.929043 -0.405652
2.740000 -0.933100 -0.396362
2.750000 -0.937063 -0.387031
2.760000 -0.940934 -0.377660
2.770000 -0.944710 -0.368251
2.780000 -0.948393 -0.358804
2.790000 -0.951981 -0.349320
2.800000 -0.955474 -0.339800
2.810000 -0.958872 -0.330245
2.820000 -0.962174 -0.320656
2.830000 -0.965381 -0.311035
2.840000 -0.968491 -0.301381
2.850000 -0.971505 -0.291696
2.860000 -0.974422 -0.281981
2.870000 -0.977242 -0.272237
2.880000 -0.979964 -0.262464
2.890000 -0.982589 -0.252665
2.900000 -0.985115 -0.242839
2.910000 -0.987544 -0.232988
2.920000 -0.989874 -0.223112
2.930000 -0.992105 -0.213213
2.940000 -0.994237 -0.203292
2.950000 -0.996270 -0.193350
2.960000 -0.998203 -0.183387
2.970000 -1.000037 -0.173405
2.980000 -1.001771 -0.163405
2.990000 -1.003405 -0.153387
3.000000 -1.004939 -0.143353
3.010000 -1.006373 -0.133304
3.020000 -1.007706 -0.123240
3.030000 -1.008938 -0.113163
3.040000 -1.010070 -0.103074
3.050000 -1.011101 -0.092973
3.060000 -1.012030 -0.082862
3.070000 -1.012859 -0.072742
3.080000 -1.013586 -0.062613
3.090000 -1.014212 -0.052477
3.100000 -1.014737 -0.042335
3.110000 -1.015161 -0.032188
3.120000 -1.015482 -0.022036
3.130000 -1.015703 -0.011881
3.140000 -1.015822 -0.001724
3.150000 -1.015839 0.008434
3.160000 -1.015755 0.018592
3.170000 -1.015569 0.028750
3.180000 -1.015281 0.038906
3.190000 -1.014892 0.049058
3.200000 -1.014401 0.059207
3.210000 -1.013809 0.069351
3.220000 -1.013116 0.079490
3.230000 -1.012321 0.089621
3.240000 -1.011425 0.099744
3.250000 -1.010427 0.109858
3.260000 -1.009329 0.119962
3.270000 -1.008129 0.130056
3.280000 -1.006829 0.140137
3.290000 -1.005427 0.150205
3.300000 -1.003925 0.160260
3.310000 -1.002323 0.170299
3.320000 -1.000620 0.180322
3.330000 -0.998816 0.190328
3.340000 -0.996913 0.200316
3.350000 -0.994910 0.210286
3.360000 -0.992807 0.220235
3.370000 -0.990605 0.230163
3.380000 -0.988303 0.240069
3.390000 -0.985902 0.249952
3.400000 -0.983403 0.259811
3.410000 -0.980805 0.269645
3.420000 -0.978108 0.279453
3.430000 -0.975314 0.289234
3.440000 -0.972421 0.298987
3.450000 -0.969432 0.308711
3.460000 -0.966344 0.318406
3.470000 -0.963160 0.328069
3.480000 -0.959880 0.337701
3.490000 -0.956503 0.347299
3.500000 -0.953030 0.356864
3.510000 -0.949461 0.366395
3.520000 -0.945797 0.375889
3.530000 -0.942038 0.385347
3.540000 -0.938185 0.394768
3.550000 -0.934237 0.404150
3.560000 -0.930196 0.413492
3.570000 -0.926061 0.422794
3.580000 -0.921833 0.432055
3.590000 -0.917512 0.441273
3.600000 -0.913099 0.450448
3.610000 -0.908595 0.459579
3.620000 -0.903999 0.468665
3.630000 -0.899313 0.477705
3.640000 -0.894535 0.486698
3.650000 -0.889669 0.495643
3.660000 -0.884712 0.504540
3.670000 -0.879667 0.513387
3.680000 -0.874533 0.522184
3.690000 -0.869311 0.530929
3.700000 -0.864002 0.539622
3.710000 -0.858605 0.548262
3.720000 -0.853123 0.556848
3.730000 -0.847554 0.565380
3.740000 -0.841901 0.573855
3.750000 -0.836162 0.582274
3.760000 -0.830339 0.590636
3.770000 -0.824433 0.598939
3.780000 -0.818444 0.607183
3.790000 -0.812372 0.615368
3.800000 -0.806218 0.623492
3.810000 -0.799983 0.631554
3.820000 -0.793668 0.639554
3.830000 -0.787272 0.647490
3.840000 -0.780797 0.655363
3.850000 -0.774243 0.663171
3.860000 -0.767612 0.670913
3.870000 -0.760903 0.678590
3.880000 -0.754117 0.686199
3.890000 -0.747255 0.693740
3.900000 -0.740317 0.701212
3.910000 -0.733305 0.708615
3.920000 -0.726219 0.715949
3.930000 -0.719060 0.723211
3.940000 -0.711827 0.730401
3.950000 -0.704523 0.737520
3.960000 -0.697148 0.744565
3.970000 -0.689703 0.751536
3.980000 -0.682187 0.758433
3.990000 -0.674603 0.765255
4.000000 -0.666950 0.772001
4.010000 -0.659230 0.778671
4.020000 -0.651444 0.785263
4.030000 -0.643591 0.791777
4.040000 -0.635673 0.798213
4.050000 -0.627691 0.804570
4.060000 -0.619645 0.810847
4.070000 -0.611537 0.817043
4.080000 -0.603366 0.823159
4.090000 -0.595135 0.829193
4.100000 -0.586843 0.835144
4.110000 -0.578492 0.841012
4.120000 -0.570081 0.846797
4.130000 -0.561613 0.852498
4.140000 -0.553088 0.858114
4.150000 -0.544507 0.863645
4.160000 -0.535871 0.869090
4.170000 -0.527180 0.874449
4.180000 -0.518435 0.879721
4.190000 -0.509638 0.884905
4.200000 -0.500789 0.890001
4.210000 -0.491889 0.895009
4.220000 -0.482939 0.899928
4.230000 -0.473940 0.904758
4.240000 -0.464892 0.909497
4.250000 -0.455797 0.914146
4.260000 -0.446656 0.918704
4.270000 -0.437469 0.923170
4.280000 -0.428237 0.927545
4.290000 -0.418962 0.931827
4.300000 -0.409643 0.936017
4.310000 -0.400283 0.940114
4.320000 -0.390882 0.944116
4.330000 -0.381441 0.948025
4.340000 -0.371961 0.951840
4.350000 -0.362442 0.955559
4.360000 -0.352887 0.959184
4.370000 -0.343295 0.962712
4.380000 -0.333668 0.966145
4.390000 -0.324006 0.969482
4.400000 -0.314311 0.972722
4.410000 -0.304584 0.975865
4.420000 -0.294826 0.978911
4.430000 -0.285036 0.981859
4.440000 -0.275218 0.984710
4.450000 -0.265371 0.987462
4.460000 -0.255496 0.990116
4.470000 -0.245595 0.992671
4.480000 -0.235668 0.995127
4.490000 -0.225717 0.997483
4.500000 -0.215742 0.999740
4.510000 -0.205745 1.001898
4.520000 -0.195726 1.003955
4.530000 -0.185686 1.005913
4.540000 -0.175627 1.007769
4.550000 -0.165549 1.009526
4.560000 -0.155454 1.011181
4.570000 -0.145342 1.012736
4.580000 -0.135215 1.014189
4.590000 -0.125073 1.015541
4.600000 -0.114918 1.016792
4.610000 -0.104750 1.017941
4.620000 -0.094570 1.018989
4.630000 -0.084380 1.019934
4.640000 -0.074181 1.020778
4.650000 -0.063973 1.021520
4.660000 -0.053758 1.022160
4.670000 -0.043537 1.022697
4.680000 -0.033310 1.023133
4.690000 -0.023078 1.023466
4.700000 -0.012844 1.023697
4.710000 -0.002607 1.023825
4.720000 0.007632 1.023851
4.730000 0.017870 1.023775
4.740000 0.028108 1.023596
4.750000 0.038344 1.023315
4.760000 0.048577 1.022931
4.770000 0.058806 1.022446
4.780000 0.069031 1.021858
4.790000 0.079249 1.021167
4.800000 0.089461 1.020375
4.810000 0.099665 1.019480
4.820000 0.109860 1.018484
4.830000 0.120044 1.017385
4.840000 0.130218 1.016185
4.850000 0.140380 1.014882
4.860000 0.150529 1.013479
4.870000 0.160664 1.011973
4.880000 0.170783 1.010367
4.890000 0.180887 1.008659
4.900000 0.190974 1.006850
4.910000 0.201042 1.004940
4.920000 0.211092 1.002930
4.930000 0.221121 1.000819
4.940000 0.231129 0.998608
4.950000 0.241115 0.996296
4.960000 0.251078 0.993885
4.970000 0.261017 0.991374
4.980000 0.270931 0.988764
4.990000 0.280818 0.986055
5.000000 0.290679 0.983247
5.010000 0.300511 0.980340
5.020000 0.310315 0.977335
5.030000 0.320088 0.974232
5.040000 0.329830 0.971031
5.050000 0.339541 0.967733
5.060000 0.349218 0.964337
5.070000 0.358861 0.960845
5.080000 0.368470 0.957256
5.090000 0.378042 0.953572
5.100000 0.387578 0.949791
5.110000 0.397076 0.945915
5.120000 0.406535 0.941945
5.130000 0.415955 0.937879
5.140000 0.425333 0.933720
5.150000 0.434671 0.929466
5.160000 0.443965 0.925120
5.170000 0.453217 0.920680
5.180000 0.462423 0.916148
5.190000 0.471585 0.911524
5.200000 0.480700 0.906808
5.210000 0.489768 0.902001
5.220000 0.498788 0.897103
5.230000 0.507759 0.892115
5.240000 0.516680 0.887038
5.250000 0.525551 0.881871
5.260000 0.534369 0.876615
5.270000 0.543136 0.871272
5.280000 0.551848 0.865840
5.290000 0.560507 0.860322
5.300000 0.569110 0.854717
5.310000 0.577657 0.849026
5.320000 0.586147 0.843249
5.330000 0.594580 0.837388
5.340000 0.602954 0.831442
5.350000 0.611268 0.825412
5.360000 0.619522 0.819300
5.370000 0.627715 0.813104
5.380000 0.635846 0.806827
5.390000 0.643915 0.800469
5.400000 0.651919 0.794030
5.410000 0.659860 0.787510
5.420000 0.667735 0.780912
5.430000 0.675544 0.774234
5.440000 0.683286 0.767479
5.450000 0.690961 0.760646
5.460000 0.698567 0.753737
5.470000 0.706105 0.746751
5.480000 0.713572 0.739690
5.490000 0.720969 0.732554
5.500000 0.728295 0.725344
5.510000 0.735548 0.718062
5.520000 0.742729 0.710706
5.530000 0.749836 0.703279
5.540000 0.756869 0.695780
5.550000 0.763826 0.688212
5.560000 0.770708 0.680573
5.570000 0.777514 0.672866
5.580000 0.784243 0.665091
5.590000 0.790894 0.657249
5.600000 0.797466 0.649340
5.610000 0.803960 0.641365
5.620000 0.810373 0.633326
5.630000 0.816707 0.625222
5.640000 0.822959 0.617055
5.650000 0.829129 0.608825
5.660000 0.835218 0.600534
5.670000 0.841223 0.592182
5.680000 0.847145 0.583769
5.690000 0.852982 0.575298
5.700000 0.858735 0.566768
5.710000 0.864403 0.558181
5.720000 0.869985 0.549537
5.730000 0.875480 0.540837
5.740000 0.880889 0.532082
5.750000 0.886210 0.523273
5.760000 0.891442 0.514411
5.770000 0.896586 0.505497
5.780000 0.901641 0.496531
5.790000 0.906607 0.487515
5.800000 0.911482 0.478448
5.810000 0.916266 0.469334
5.820000 0.920960 0.460171
5.830000 0.925561 0.450961
5.840000 0.930071 0.441706
5.850000 0.934488 0.432405
5.860000 0.938812 0.423060
5.870000 0.943043 0.413672
5.880000 0.947179 0.404242
5.890000 0.951222 0.394770
5.900000 0.955169 0.385258
5.910000 0.959022 0.375706
5.920000 0.962779 0.366116
5.930000 0.966440 0.356488
5.940000 0.970005 0.346823
5.950000 0.973473 0.337123
5.960000 0.976845 0.327389
5.970000 0.980118 0.317620
5.980000 0.983295 0.307819
5.990000 0.986373 0.297986
6.000000 0.989353 0.288122
6.010000 0.992234 0.278229
6.020000 0.995016 0.268307
6.030000 0.997699 0.258356
6.040000 1.000283 0.248379
6.050000 1.002767 0.238377
6.060000 1.005150 0.228349
6.070000 1.007434 0.218297
6.080000 1.009617 0.208223
6.090000 1.011699 0.198127
6.100000 1.013680 0.188010
6.110000 1.015561 0.177873
6.120000 1.017339 0.167717
6.130000 1.019016 0.157544
6.140000 1.020592 0.147354
6.150000 1.022065 0.137148
6.160000 1.023437 0.126927
6.170000 1.024706 0.116693
6.180000 1.025873 0.106446
6.190000 1.026938 0.096187
6.200000 1.027899 0.085918
6.210000 1.028759 0.075639
6.220000 1.029515 0.065351
6.230000 1.030168 0.055056
6.240000 1.030719 0.044754
6.250000 1.031167 0.034447
6.260000 1.031511 0.024136
6.270000 1.031752 0.013820
6.280000 1.031891 0.003503
6.290000 1.031926 -0.006816
6.300000 1.031857 -0.017135
6.310000 1.031686 -0.027454
6.320000 1.031412 -0.037771
6.330000 1.031034 -0.048085
6.340000 1.030553 -0.058395
6.350000 1.029969 -0.068701
6.360000 1.029282 -0.079000
6.370000 1.028492 -0.089293
6.380000 1.027599 -0.099578
6.390000 1.026603 -0.109854
6.400000 1.025505 -0.120120
6.410000 1.024304 -0.130375
6.420000 1.023000 -0.140618
6.430000 1.021594 -0.150848
6.440000 1.020085 -0.161064
6.450000 1.018475 -0.171265
6.460000 1.016762 -0.181450
6.470000 1.014947 -0.191617
6.480000 1.013031 -0.201767
6.490000 1.011014 -0.211897
6.500000 1.008895 -0.222007
6.510000 1.006675 -0.232096
6.520000 1.004354 -0.242163
6.530000 1.001932 -0.252207
6.540000 0.999410 -0.262226
6.550000 0.996788 -0.272220
6.560000 0.994065 -0.282188
6.570000 0.991244 -0.292128
6.580000 0.988322 -0.302041
6.590000 0.985302 -0.311924
6.600000 0.982183 -0.321777
6.610000 0.978965 -0.331599
6.620000 0.975649 -0.341389
6.630000 0.972235 -0.351145
6.640000 0.968723 -0.360867
6.650000 0.965115 -0.370555
6.660000 0.961409 -0.380206
6.670000 0.957607 -0.389820
6.680000 0.953709 -0.399396
6.690000 0.949715 -0.408933
6.700000 0.945626 -0.418430
6.710000 0.941441 -0.427887
6.720000 0.937163 -0.437301
6.730000 0.932790 -0.446673
6.740000 0.928323 -0.456000
6.750000 0.923763 -0.465284
6.760000 0.919110 -0.474521
6.770000 0.914365 -0.483712
6.780000 0.909528 -0.492856
6.790000 0.904599 -0.501951
6.800000 0.899580 -0.510997
6.810000 0.894470 -0.519993
6.820000 0.889270 -0.528938
6.830000 0.883980 -0.537831
6.840000 0.878602 -0.546670
6.850000 0.873135 -0.555456
6.860000 0.867581 -0.564188
6.870000 0.861939 -0.572863
6.880000 0.856210 -0.581483
6.890000 0.850395 -0.590045
6.900000 0.844495 -0.598549
6.910000 0.838509 -0.606994
6.920000 0.832440 -0.615379
6.930000 0.826286 -0.623703
6.940000 0.820049 -0.631966
6.950000 0.813729 -0.640167
6.960000 0.807327 -0.648304
6.970000 0.800844 -0.656377
6.980000 0.794281 -0.664386
6.990000 0.787637 -0.672329
7.000000 0.780913 -0.680205
7.010000 0.774111 -0.688014
7.020000 0.767231 -0.695755
7.030000 0.760274 -0.703427
7.040000 0.753239 -0.711030
7.050000 0.746129 -0.718563
7.060000 0.738943 -0.726024
7.070000 0.731683 -0.733413
7.080000 0.724349 -0.740730
7.090000 0.716942 -0.747974
7.100000 0.709462 -0.755143
7.110000 0.701911 -0.762238
7.120000 0.694288 -0.769257
7.130000 0.686596 -0.776200
7.140000 0.678834 -0.783066
7.150000 0.671003 -0.789854
7.160000 0.663104 -0.796564
7.170000 0.655139 -0.803195
7.180000 0.647107 -0.809746
7.190000 0.639009 -0.816217
7.200000 0.630847 -0.822608
7.210000 0.622621 -0.828916
7.220000 0.614332 -0.835142
7.230000 0.605981 -0.841286
7.240000 0.597568 -0.847345
7.250000 0.589094 -0.853321
7.260000 0.580561 -0.859212
7.270000 0.571969 -0.865018
7.280000 0.563319 -0.870737
7.290000 0.554611 -0.876370
7.300000 0.545848 -0.881917
7.310000 0.537029 -0.887375
7.320000 0.528155 -0.892745
7.330000 0.519227 -0.898027
7.340000 0.510247 -0.903219
7.350000 0.501215 -0.908322
7.360000 0.492132 -0.913334
7.370000 0.482998 -0.918255
7.380000 0.473816 -0.923085
7.390000 0.464585 -0.927823
7.400000 0.455307 -0.932469
7.410000 0.445982 -0.937022
7.420000 0.436612 -0.941482
7.430000 0.427197 -0.945848
7.440000 0.417738 -0.950120
7.450000 0.408237 -0.954297
7.460000 0.398694 -0.958380
7.470000 0.389110 -0.962367
7.480000 0.379487 -0.966258
7.490000 0.369824 -0.970053
7.500000 0.360124 -0.973751
7.510000 0.350386 -0.977352
7.520000 0.340613 -0.980856
7.530000 0.330804 -0.984262
7.540000 0.320961 -0.987570
7.550000 0.311086 -0.990780
7.560000 0.301178 -0.993891
7.570000 0.291239 -0.996903
7.580000 0.281270 -0.999815
7.590000 0.271272 -1.002628
7.600000 0.261246 -1.005340
7.610000 0.251192 -1.007953
7.620000 0.241113 -1.010465
7.630000 0.231008 -1.012876
7.640000 0.220879 -1.015186
7.650000 0.210727 -1.017395
7.660000 0.200553 -1.019502
7.670000 0.190358 -1.021508
7.680000 0.180143 -1.023411
7.690000 0.169909 -1.025213
7.700000 0.159657 -1.026912
7.710000 0.149388 -1.028508
7.720000 0.139103 -1.030002
7.730000 0.128803 -1.031393
7.740000 0.118489 -1.032681
7.750000 0.108162 -1.033866
7.760000 0.097824 -1.034948
7.770000 0.087474 -1.035926
7.780000 0.077115 -1.036801
7.790000 0.066747 -1.037572
7.800000 0.056371 -1.038239
7.810000 0.045989 -1.038803
7.820000 0.035601 -1.039263
7.830000 0.025208 -1.039619
7.840000 0.014812 -1.039871
7.850000 0.004413 -1.040019
7.860000 -0.005987 -1.040063
7.870000 -0.016388 -1.040003
7.880000 -0.026788 -1.039839
7.890000 -0.037186 -1.039572
7.900000 -0.047582 -1.039200
7.910000 -0.057974 -1.038724
7.920000 -0.068361 -1.038144
7.930000 -0.078743 -1.037461
7.940000 -0.089117 -1.036673
7.950000 -0.099484 -1.035782
7.960000 -0.109842 -1.034787
7.970000 -0.120190 -1.033689
7.980000 -0.130526 -1.032487
7.990000 -0.140851 -1.031182
8.000000 -0.151163 -1.029773
8.010000 -0.161461 -1.028261
8.020000 -0.171743 -1.026647
8.030000 -0.182010 -1.024929
8.040000 -0.192259 -1.023109
8.050000 -0.202490 -1.021187
8.060000 -0.212702 -1.019162
8.070000 -0.222894 -1.017035
8.080000 -0.233064 -1.014806
8.090000 -0.243212 -1.012475
8.100000 -0.253337 -1.010043
8.110000 -0.263437 -1.007510
8.120000 -0.273512 -1.004875
8.130000 -0.283561 -1.002140
8.140000 -0.293583 -0.999305
8.150000 -0.303576 -0.996369
8.160000 -0.313539 -0.993333
8.170000 -0.323473 -0.990198
8.180000 -0.333375 -0.986963
8.190000 -0.343244 -0.983629
8.200000 -0.353081 -0.980197
8.210000 -0.362883 -0.976666
8.220000 -0.372649 -0.973037
8.230000 -0.382380 -0.969311
8.240000 -0.392073 -0.965487
8.250000 -0.401728 -0.961566
8.260000 -0.411343 -0.957549
8.270000 -0.420919 -0.953435
8.280000 -0.430453 -0.949226
8.290000 -0.439945 -0.944922
8.300000 -0.449395 -0.940522
8.310000 -0.458800 -0.936028
8.320000 -0.468160 -0.931440
8.330000 -0.477474 -0.926759
8.340000 -0.486742 -0.921984
8.350000 -0.495962 -0.917116
8.360000 -0.505133 -0.912157
8.370000 -0.514255 -0.907105
8.380000 -0.523326 -0.901963
8.390000 -0.532345 -0.896730
8.400000 -0.541313 -0.891406
8.410000 -0.550227 -0.885993
8.420000 -0.559087 -0.880491
8.430000 -0.567891 -0.874900
8.440000 -0.576640 -0.869221
8.450000 -0.585333 -0.863455
8.460000 -0.593967 -0.857601
8.470000 -0.602543 -0.851662
8.480000 -0.611060 -0.845636
8.490000 -0.619516 -0.839526
8.500000 -0.627911 -0.833330
8.510000 -0.636245 -0.827051
8.520000 -0.644515 -0.820689
8.530000 -0.652722 -0.814244
8.540000 -0.660865 -0.807716
8.550000 -0.668942 -0.801108
8.560000 -0.676953 -0.794418
8.570000 -0.684897 -0.787649
8.580000 -0.692774 -0.780800
8.590000 -0.700582 -0.773872
8.600000 -0.708320 -0.766866
8.610000 -0.715989 -0.759783
8.620000 -0.723587 -0.752623
8.630000 -0.731113 -0.745387
8.640000 -0.738567 -0.738076
8.650000 -0.745948 -0.730691
8.660000 -0.753255 -0.723231
8.670000 -0.760487 -0.715699
8.680000 -0.767644 -0.708094
8.690000 -0.774725 -0.700417
8.700000 -0.781729 -0.692670
8.710000 -0.788656 -0.684853
8.720000 -0.795504 -0.676966
8.730000 -0.802274 -0.669011
8.740000 -0.808964 -0.660988
8.750000 -0.815574 -0.652899
8.760000 -0.822103 -0.644743
8.770000 -0.828550 -0.636522
8.780000 -0.834915 -0.628237
8.790000 -0.841198 -0.619887
8.800000 -0.847397 -0.611475
8.810000 -0.853511 -0.603001
8.820000 -0.859541 -0.594466
8.830000 -0.865486 -0.585871
8.840000 -0.871345 -0.577216
8.850000 -0.877117 -0.568503
8.860000 -0.882802 -0.559731
8.870000 -0.888399 -0.550903
8.880000 -0.893908 -0.542019
8.890000 -0.899329 -0.533080
8.900000 -0.904659 -0.524087
8.910000 -0.909900 -0.515040
8.920000 -0.915051 -0.505941
8.930000 -0.920110 -0.496791
8.940000 -0.925078 -0.487590
8.950000 -0.929954 -0.478339
8.960000 -0.934737 -0.469040
8.970000 -0.939428 -0.459692
8.980000 -0.944025 -0.450298
8.990000 -0.948528 -0.440858
9.000000 -0.952936 -0.431372
9.010000 -0.957250 -0.421843
9.020000 -0.961468 -0.412270
9.030000 -0.965591 -0.402656
9.040000 -0.969618 -0.393000
9.050000 -0.973548 -0.383304
9.060000 -0.977381 -0.373568
9.070000 -0.981116 -0.363794
9.080000 -0.984754 -0.353983
9.090000 -0.988294 -0.344136
9.100000 -0.991735 -0.334253
9.110000 -0.995078 -0.324335
9.120000 -0.998321 -0.314385
9.130000 -1.001465 -0.304401
9.140000 -1.004509 -0.294387
9.150000 -1.007453 -0.284342
9.160000 -1.010296 -0.274267
9.170000 -1.013039 -0.264164
9.180000 -1.015681 -0.254034
9.190000 -1.018221 -0.243877
9.200000 -1.020660 -0.233695
9.210000 -1.022997 -0.223488
9.220000 -1.025232 -0.213258
9.230000 -1.027364 -0.203006
9.240000 -1.029394 -0.192732
9.250000 -1.031322 -0.182438
9.260000 -1.033146 -0.172125
9.270000 -1.034867 -0.161794
9.280000 -1.036485 -0.151445
9.290000 -1.038000 -0.141080
9.300000 -1.039410 -0.130700
9.310000 -1.040717 -0.120306
9.320000 -1.041921 -0.109899
9.330000 -1.043020 -0.099480
9.340000 -1.044014 -0.089049
9.350000 -1.044905 -0.078609
9.360000 -1.045691 -0.068160
9.370000 -1.046372 -0.057703
9.380000 -1.046950 -0.047240
9.390000 -1.047422 -0.036770
9.400000 -1.047790 -0.026296
9.410000 -1.048053 -0.015818
9.420000 -1.048211 -0.005337
9.430000 -1.048264 0.005145
9.440000 -1.048213 0.015627
9.450000 -1.048056 0.026109
9.460000 -1.047795 0.036590
9.470000 -1.047429 0.047068
9.480000 -1.046959 0.057542
9.490000 -1.046383 0.068012
9.500000 -1.045703 0.078476
9.510000 -1.044918 0.088933
9.520000 -1.044029 0.099382
9.530000 -1.043035 0.109822
9.540000 -1.041937 0.120252
9.550000 -1.040735 0.130672
9.560000 -1.039428 0.141079
9.570000 -1.038017 0.151473
9.580000 -1.036502 0.161854
9.590000 -1.034884 0.172219
9.600000 -1.033162 0.182568
9.610000 -1.031336 0.192899
9.620000 -1.029407 0.203212
9.630000 -1.027375 0.213507
9.640000 -1.025240 0.223780
9.650000 -1.023002 0.234033
9.660000 -1.020662 0.244263
9.670000 -1.018219 0.254469
9.680000 -1.015674 0.264652
9.690000 -1.013028 0.274808
9.700000 -1.010280 0.284939
9.710000 -1.007430 0.295041
9.720000 -1.004480 0.305116
9.730000 -1.001429 0.315160
9.740000 -0.998277 0.325175
9.750000 -0.995025 0.335158
9.760000 -0.991674 0.345108
9.770000 -0.988223 0.355025
9.780000 -0.984672 0.364907
9.790000 -0.981023 0.374753
9.800000 -0.977276 0.384564
9.810000 -0.973430 0.394336
9.820000 -0.969487 0.404071
9.830000 -0.965446 0.413766
9.840000 -0.961309 0.423420
9.850000 -0.957074 0.433033
9.860000 -0.952744 0.442604
9.870000 -0.948318 0.452131
9.880000 -0.943797 0.461615
9.890000 -0.939180 0.471052
9.900000 -0.934470 0.480444
9.910000 -0.929666 0.489789
9.920000 -0.924768 0.499086
9.930000 -0.919777 0.508333
9.940000 -0.914693 0.517531
9.950000 -0.909518 0.526678
9.960000 -0.904251 0.535773
9.970000 -0.898894 0.544816
9.980000 -0.893445 0.553805
9.990000 -0.887907 0.562739
10.000000 -0.882280 0.571618
" . -1) (t 21405 . 10000) ((marker . 1) . -28044) ((marker . 1) . -28044) ((marker . 1) . -28072) ((marker . 1) . -28072) ((marker . 1) . -28100) ((marker . 1) . -28100) ((marker . 1) . -28128) ((marker . 1) . -28128) ((marker . 1) . -28156) ((marker . 1) . -28156) ((marker . 1) . -28016) ((marker . 1) . -28016) ((marker . 1) . -27988) ((marker . 1) . -27988) ((marker . 1) . -27960) ((marker . 1) . -27960) ((marker . 1) . -27932) ((marker . 1) . -27932) ((marker . 1) . -27904) ((marker . 1) . -27904) ((marker . 2689) . -27904) ((marker . 2689) . -28185) ((marker . 1) . -216) ((marker . 1) . -216) ((marker . 1) . -28185) ((marker . 1) . -28185) ((marker . 1) . -28185) nil (1 . 28186) (t . -1)))
